
 0 52 0 0 
 2 50 0 0 
 3 49 0 0 
 4 48 0 0 
 25 47 0 0 
 34 46 0 0 
 40 45 0 0 
 48 44 0 0 
 52 43 0 0 
 54 42 0 0 
 56 41 0 0 
 58 40 0 0 
 79 39 0 0 
 83 38 0 0 
 87 37 0 0 
 90 36 0 0 
 93 35 0 0 
 99 34 0 0 
 101 33 0 0 
 107 32 0 0 
 120 31 0 0 
 145 30 0 0 
 165 29 0 0 
 175 28 1 0 
 182 27 1 0 
 197 26 1 0 
 200 25 1 0 
 205 25 2 0 
 232 24 2 0 
 233 23 2 0 
 241 22 2 0 
 243 22 3 0 
 245 21 3 0 
 247 20 3 0 
 258 19 3 0 
 259 18 3 0 
 269 17 3 0 
 279 15 3 0 
 288 14 3 0 
 313 13 3 0 
 326 13 4 0 
 331 13 5 0 
 349 13 6 0 
 362 12 6 0 
 367 12 7 0 
 368 10 7 0 
 379 9 7 0 
 382 9 8 0 
 384 9 9 0 
 386 8 9 0 
 395 7 9 0 
 397 7 10 0 
 403 7 11 0 
 404 7 12 0 
 406 7 13 0 
 422 7 14 0 
 424 6 14 0 
 428 5 14 0 
 434 5 15 0 
 439 5 16 0 
 452 5 17 0 
 472 5 18 0 
 478 5 19 0 
 490 5 20 0 
 493 5 21 0 
 512 5 22 0 
 524 5 23 0 
 527 5 24 0 
 533 5 25 0 
 546 5 26 0 
 581 5 27 0 
 603 5 28 0 
 604 5 29 0 
 606 4 29 0 
 622 4 30 0 
 625 3 30 0 
 628 3 31 0 
 636 3 32 0 
 642 3 33 0 
 645 3 34 0 
 648 2 34 0 
 656 2 35 0 
 658 2 36 0 
 664 2 37 0 
 672 2 38 0 
 674 2 39 0 
 679 2 40 0 
 687 2 41 0 
 696 2 42 0 
 702 2 43 0 
 705 2 44 0 
 708 2 45 0 
 718 2 46 0 
 723 2 47 0 
 724 2 48 0 
 736 2 49 0 
 738 2 48 0 
 745 1 48 0 
 747 1 49 0 
 748 1 51 0 
 763 1 52 0 
 777 1 53 0 
 785 1 54 0 
 794 1 55 0 
 804 1 56 0 
 805 1 57 0 
 814 1 58 0 
 819 1 59 0 
 828 1 58 0 
 829 1 59 0 
 836 1 60 0 
 867 1 61 0 
 876 1 60 0 
 877 1 59 0 
 899 1 60 0 
 903 1 59 0 
 924 1 58 0 
 927 1 59 0 
 943 1 60 0 
 950 1 61 0 
 956 1 62 0 
 958 1 63 0 
 965 1 64 0 
 970 1 65 0 
 973 1 66 0 
 982 1 67 0 
 993 1 68 0 
 999 1 69 0 
 1003 1 70 0 
 1033 1 71 0 
 1043 1 72 0 
 1057 1 72 0 
 1062 1 73 0 
 1067 1 74 0 
 1090 1 75 0 
 1093 1 76 0 
 1096 1 77 0 
 1098 1 76 0 
 1100 1 75 0 
 1114 1 76 0 
 1119 1 75 0 
 1125 1 76 0 
 1146 1 77 0 
 1154 1 77 0 
 1156 1 78 0 
 1161 1 77 0 
 1166 1 78 0 
 1183 1 79 0 
 1207 1 80 0 
 1242 1 78 0 
 1248 1 77 0 
 1257 1 76 0 
 1272 1 77 0 
 1276 1 78 0 
 1281 1 79 0 
 1303 1 80 0 
 1310 1 79 0 
 1330 1 78 0 
 1333 1 77 0 
 1351 1 76 0 
 1364 1 77 0 
 1368 1 78 0 
 1374 1 79 0 
 1378 1 80 0 
 1381 1 81 0 
 1383 1 80 0 
 1391 1 79 0 
 1398 1 80 0 
 1448 1 79 0 
 1455 1 77 0 
 1510 1 76 1 
 1516 1 74 1 
 1523 1 75 1 
 1533 1 73 1 
 1545 1 72 1 
 1559 1 73 1 
 1578 1 71 1 
 1585 1 70 1 
 1597 1 71 1 
 1625 1 71 1 
 1642 1 71 2 
 1646 1 72 2 
 1648 1 72 2 
 1652 1 73 2 
 1655 1 73 3 
 1660 1 72 3 
 1676 1 71 3 
 1692 1 72 3 
 1700 1 71 3 
 1703 1 70 3 
 1708 1 68 4 
 1710 1 67 4 
 1714 1 66 4 
 1724 1 64 4 
 1727 1 65 4 
 1730 1 64 4 
 1762 1 63 4 
 1784 1 64 4 
 1806 1 62 4 
 1812 1 61 4 
 1831 1 62 4 
 1855 1 61 4 
 1872 1 59 4 
 1890 1 57 4 
 1896 1 56 4 
 1902 1 53 4 
 1904 1 52 5 
 1912 1 53 5 
 1935 1 54 5 
 1947 1 55 5 
 1951 1 54 7 
 1953 1 53 7 
 1965 1 51 7 
 1968 1 51 8 
 1969 1 50 9 
 1990 1 48 9 
 2000 1 46 9 
 2006 1 46 10 
 2020 1 45 10 
 2023 1 43 12 
 2041 1 43 14 
 2042 1 42 15 
 2044 1 40 15 
 2047 1 37 15 
 2059 1 36 15 
 2074 1 32 17 
 2083 1 33 17 
 2085 1 32 17 
 2096 1 31 17 
 2098 1 30 18 
 2127 1 29 18 
 2143 1 27 20 
 2145 1 27 22 
 2149 1 25 22 
 2152 1 24 24 
 2154 1 22 24 
 2155 1 20 28 
 2156 1 19 29 
 2164 1 19 31 
 2167 1 19 32 
 2173 1 18 32 
 2176 1 18 34 
 2182 1 18 36 
 2186 1 18 38 
 2201 1 18 39 
 2226 1 15 40 
 2237 1 14 45 
 2243 1 12 46 
 2257 1 11 48 
 2263 1 11 50 
 2272 1 10 51 
 2274 1 10 56 
 2278 1 10 60 
 2286 1 10 61 
 2293 1 10 63 
 2307 1 10 64 
 2316 1 9 66 
 2325 1 8 68 
 2330 1 8 73 
 2332 1 8 74 
 2353 1 8 77 
 2369 1 8 80 
 2373 1 7 81 
 2377 1 6 81 
 2384 1 6 86 
 2407 1 6 89 
 2411 1 6 95 
 2422 1 6 97 
 2427 1 6 99 
 2431 1 6 101 
 2434 1 6 103 
 2437 1 6 104 
 2438 1 6 108 
 2448 1 6 110 
 2452 1 6 115 
 2467 1 6 118 
 2469 1 6 120 
 2495 1 6 122 
 2506 1 6 125 
 2537 1 6 127 
 2564 1 6 132 
 2568 1 6 137 
 2580 1 6 142 
 2581 1 6 146 
 2583 1 6 149 
 2587 1 6 153 
 2593 1 6 158 
 2598 1 6 159 
 2601 1 6 159 
 2616 1 6 161 
 2628 1 6 165 
 2634 1 5 165 
 2638 1 5 169 
 2673 1 4 170 
 2674 1 4 173 
 2680 1 4 174 
 2686 1 2 178 
 2727 1 2 179 
 2733 1 1 182 
 2751 1 1 191 
 2755 1 1 194 
 2766 1 1 199 
 2775 1 1 200 
 2791 1 1 201 
 2814 1 1 203 
 2821 1 1 206 
 2833 1 1 209 
 2842 1 1 212 
 2843 1 1 215 
 2853 1 1 220 
 2857 1 1 225 
 2870 1 2 227 
 2876 1 2 232 
 2910 1 2 235 
 2921 1 2 240 
 2930 1 2 245 
 2951 1 2 247 
 2963 1 1 259 
 2988 1 1 263 
 2998 1 1 268 
 3000 1 1 272 
 3008 1 1 276 
 3009 1 1 279 
 3024 1 1 284 
 3027 1 1 287 
 3028 1 1 292 
 3031 1 1 301 
 3042 1 1 305 
 3046 1 1 311 
 3085 1 0 314 
 3088 1 0 315 
 3089 1 0 316 
 3093 1 0 321 
 3099 1 0 329 
 3105 1 0 331 
 3114 1 0 337 
 3122 1 0 345 
 3129 1 0 348 
 3132 1 0 350 
 3134 1 0 355 
 3141 1 0 356 
 3150 1 0 361 
 3183 1 0 366 
 3189 1 0 367 
 3191 1 0 372 
 3196 1 0 383 
 3200 1 0 390 
 3211 1 0 396 
 3219 1 0 397 
 3222 1 0 406 
 3223 1 0 410 
 3225 1 0 412 
 3226 1 0 421 
 3229 1 0 425 
 3250 1 0 429 
 3253 1 0 435 
 3256 1 0 438 
 3265 1 0 444 
 3275 1 0 446 
 3281 1 0 452 
 3289 1 0 456 
 3302 1 0 461 
 3311 1 0 466 
 3317 1 0 468 
 3330 1 0 471 
 3332 1 0 481 
 3340 1 0 483 
 3347 1 0 488 
 3349 1 0 491 
 3361 1 0 495 
 3365 1 0 503 
 3388 1 0 511 
 3413 1 0 516 
 3421 1 0 518 
 3425 1 0 524 
 3430 1 0 529 
 3444 1 0 537 
 3452 1 0 544 
 3453 1 0 548 
 3456 1 0 549 
 3472 1 0 551 
 3479 1 0 556 
 3483 1 0 560 
 3507 1 0 570 
 3513 1 0 575 
 3519 1 0 579 
 3522 1 0 587 
 3524 1 0 596 
 3525 1 0 601 
 3528 1 0 606 
 3531 1 0 613 
 3532 1 0 622 
 3535 1 0 628 
 3546 1 0 633 
 3553 1 0 638 
 3555 1 0 642 
 3576 1 0 645 
 3579 1 0 654 
 3594 1 0 662 
 3609 1 0 667 
 3612 1 0 672 
 3625 1 0 673 
 3632 1 0 677 
 3636 1 0 682 
 3639 1 0 689 
 3641 1 0 695 
 3647 1 0 699 
 3649 1 0 703 
 3674 1 0 707 
 3684 1 0 713 
 3706 1 0 716 
 3710 1 0 732 
 3720 1 0 737 
 3722 1 0 744 
 3732 1 0 749 
 3737 1 0 758 
 3742 1 0 763 
 3746 1 0 774 
 3757 1 0 782 
 3760 1 0 785 
 3768 1 0 793 
 3776 1 0 797 
 3782 1 0 799 
 3785 1 0 803 
 3786 1 0 806 
 3791 1 0 811 
 3801 1 0 820 
 3805 1 0 825 
 3806 1 0 836 
 3817 1 0 842 
 3838 1 0 851 
 3845 1 0 853 
 3846 1 0 861 
 3848 1 0 866 
 3860 1 0 880 
 3877 1 0 887 
 3889 1 0 890 
 3897 1 0 894 
 3905 1 0 899 
 3909 1 0 906 
 3915 1 0 913 
 3922 1 0 917 
 3926 1 0 923 
 3928 1 0 936 
 3929 1 0 940 
 3934 1 0 944 
 3963 1 0 950 
 3966 1 0 962 
 3976 1 0 976 
 3989 1 0 982 
 3998 1 0 988 
 4000 1 0 991 
 4001 1 0 1001 
 4008 1 0 1007 
 4013 1 0 1015 
 4045 1 0 1022 
 4053 1 0 1032 
 4054 1 0 1040 
 4063 1 0 1046 
 4066 1 0 1053 
 4083 1 0 1056 
 4105 1 0 1074 
 4107 1 0 1075 
 4112 1 0 1088 
 4123 1 0 1097 
 4142 1 0 1116 
 4153 1 0 1120 
 4164 1 0 1127 
 4166 1 0 1136 
 4178 1 0 1144 
 4210 1 0 1147 
 4214 1 0 1158 
 4216 1 0 1164 
 4221 1 0 1169 
 4223 1 0 1178 
 4225 1 0 1188 
 4233 1 0 1201 
 4256 1 0 1208 
 4262 1 0 1216 
 4269 1 0 1226 
 4275 1 0 1232 
 4289 1 0 1241 
 4299 1 0 1247 
 4318 1 0 1266 
 4321 1 0 1272 
 4336 1 0 1278 
 4351 1 0 1292 
 4356 1 0 1312 
 4358 1 0 1318 
 4370 1 0 1327 
 4385 1 0 1331 
 4400 1 0 1336 
 4406 1 0 1344 
 4411 1 0 1350 
 4416 1 0 1360 
 4419 1 0 1369 
 4431 1 0 1375 
 4439 1 0 1380 
 4441 1 0 1385 
 4455 1 0 1387 
 4456 1 0 1391 
 4468 1 0 1399 
 4473 1 0 1412 
 4475 1 0 1424 
 4483 1 0 1432 
 4499 1 0 1443 
 4515 1 0 1450 
 4519 1 0 1470 
 4522 1 0 1480 
 4530 1 0 1492 
 4540 1 0 1500 
 4544 1 0 1509 
 4551 1 0 1534 
 4569 1 0 1544 
 4571 1 0 1556 
 4577 1 0 1567 
 4580 1 0 1577 
 4582 1 0 1584 
 4591 1 0 1593 
 4598 1 0 1602 
 4599 1 0 1610 
 4608 1 0 1617 
 4611 1 0 1634 
 4614 1 0 1644 
 4632 1 0 1653 
 4644 1 0 1664 
 4646 1 0 1672 
 4649 1 0 1687 
 4655 1 0 1690 
 4661 1 0 1702 
 4677 1 0 1722 
 4680 1 0 1729 
 4683 1 0 1738 
 4685 1 0 1745 
 4692 1 0 1755 
 4703 1 0 1765 
 4705 1 0 1773 
 4712 1 0 1787 
 4714 1 0 1800 
 4736 1 0 1814 
 4740 1 0 1829 
 4749 1 0 1838 
 4751 1 0 1848 
 4769 1 0 1858 
 4781 1 0 1868 
 4789 1 0 1883 
 4796 1 0 1894 
 4810 1 0 1899 
 4818 1 0 1913 
 4822 1 0 1923 
 4834 1 0 1930 
 4835 1 0 1938 
 4842 1 0 1948 
 4853 1 0 1957 
 4860 1 0 1969 
 4864 1 0 1976 
 4868 1 0 1989 
 4886 1 0 1999 
 4895 1 0 2011 
 4897 1 0 2023 
 4906 1 0 2032 
 4911 1 0 2044 
 4923 1 0 2059 
 4925 1 0 2070 
 4927 1 0 2082 
 4930 1 0 2096 
 4946 1 0 2108 
 4959 1 0 2122 
 4966 1 0 2143 
 4968 1 0 2153 
 4974 1 0 2161 
 4985 1 0 2184 
 4992 1 0 2195 
 4993 1 0 2205 
 4999 1 0 2220 
 5004 1 0 2233 
 5015 1 0 2244 
 5028 1 0 2256 
 5049 1 0 2267 
 5052 1 0 2279 
 5070 1 0 2287 
 5085 1 0 2300 
 5087 1 0 2311 
 5089 1 0 2323 
 5107 1 0 2337 
 5108 1 0 2349 
 5114 1 0 2362 
 5117 1 0 2375 
 5123 1 0 2387 
 5127 1 0 2404 
 5145 1 0 2413 
 5164 1 0 2426 
 5180 1 0 2438 
 5184 1 0 2449 
 5193 1 0 2460 
 5197 1 0 2471 
 5204 1 0 2482 
 5209 1 0 2493 
 5212 1 0 2515 
 5216 1 0 2527 
 5219 1 0 2534 
 5225 1 0 2553 
 5241 1 0 2565 
 5248 1 0 2576 
 5256 1 0 2588 
 5267 1 0 2610 
 5269 1 0 2620 
 5270 1 0 2637 
 5284 1 0 2649 
 5289 1 0 2655 
 5290 1 0 2669 
 5291 1 0 2684 
 5293 1 0 2704 
 5300 1 0 2715 
 5304 1 0 2732 
 5307 1 0 2743 
 5316 1 0 2749 
 5318 1 0 2760 
 5324 1 0 2768 
 5330 1 0 2781 
 5357 1 0 2791 
 5360 1 0 2807 
 5363 1 0 2819 
 5369 1 0 2833 
 5371 1 0 2846 
 5374 1 0 2867 
 5420 1 0 2893 
 5429 1 0 2919 
 5433 1 0 2933 
 5443 1 0 2950 
 5464 1 0 2983 
 5470 1 0 2996 
 5476 1 0 3007 
 5478 1 0 3024 
 5484 1 0 3037 
 5492 1 0 3047 
 5496 1 0 3057 
 5505 1 0 3068 
 5509 1 0 3082 
 5526 1 0 3090 
 5554 1 0 3117 
 5556 1 0 3132 
 5569 1 0 3146 
 5570 1 0 3161 
 5571 1 0 3174 
 5572 1 0 3187 
 5573 1 0 3203 
 5599 1 0 3215 
 5610 1 0 3240 
 5620 1 0 3270 
 5633 1 0 3281 
 5635 1 0 3293 
 5641 1 0 3306 
 5660 1 0 3319 
 5661 1 0 3334 
 5668 1 0 3348 
 5683 1 0 3362 
 5689 1 0 3377 
 5690 1 0 3389 
 5692 1 0 3405 
 5694 1 0 3422 
 5696 1 0 3437 
 5697 1 0 3453 
 5701 1 0 3467 
 5706 1 0 3480 
 5710 1 0 3501 
 5729 1 0 3514 
 5732 1 0 3527 
 5750 1 0 3539 
 5775 1 0 3549 
 5776 1 0 3559 
 5796 1 0 3590 
 5805 1 0 3603 
 5806 1 0 3617 
 5810 1 0 3653 
 5814 1 0 3664 
 5815 1 0 3676 
 5821 1 0 3692 
 5822 1 0 3712 
 5827 1 0 3727 
 5841 1 0 3741 
 5863 1 0 3776 
 5866 1 0 3790 
 5868 1 0 3806 
 5879 1 0 3823 
 5885 1 0 3839 
 5894 1 0 3853 
 5896 1 0 3897 
 5906 1 0 3911 
 5914 1 0 3925 
 5917 1 0 3937 
 5919 1 0 3955 
 5925 1 0 3992 
 5926 1 0 4007 
 5942 1 0 4023 
 5944 1 0 4037 
 5965 1 0 4047 
 5966 1 0 4062 
 5971 1 0 4092 
 5980 1 0 4106 
 5981 1 0 4122 
 5994 1 0 4137 
 6004 1 0 4146 
 6018 1 0 4164 
 6029 1 0 4183 
 6030 1 0 4203 
 6033 1 0 4235 
 6037 1 0 4256 
 6038 1 0 4279 
 6044 1 0 4296 
 6048 1 0 4314 
 6052 1 0 4333 
 6055 1 0 4352 
 6082 1 0 4369 
 6095 1 0 4385 
 6101 1 0 4399 
 6108 1 0 4416 
 6129 1 0 4432 
 6131 1 0 4452 
 6136 1 0 4469 
 6152 1 0 4485 
 6155 1 0 4501 
 6160 1 0 4521 
 6171 1 0 4534 
 6174 1 0 4549 
 6180 1 0 4560 
 6193 1 0 4578 
 6213 1 0 4591 
 6221 1 0 4604 
 6227 1 0 4620 
 6231 1 0 4658 
 6252 1 0 4678 
 6266 1 0 4698 
 6269 1 0 4723 
 6276 1 0 4746 
 6278 1 0 4768 
 6291 1 0 4788 
 6300 1 0 4807 
 6301 1 0 4840 
 6313 1 0 4869 
 6328 1 0 4918 
 6333 1 0 4933 
 6346 1 0 4953 
 6359 1 0 4976 
 6368 1 0 4994 
 6369 1 0 5014 
 6374 1 0 5032 
 6382 1 0 5052 
 6383 1 0 5071 
 6387 1 0 5091 
 6400 1 0 5111 
 6412 1 0 5132 
 6415 1 0 5153 
 6421 1 0 5172 
 6435 1 0 5191 
 6436 1 0 5204 
 6439 1 0 5225 
 6445 1 0 5248 
 6449 1 0 5276 
 6451 1 0 5298 
 6456 1 0 5317 
 6460 1 0 5361 
 6461 1 0 5387 
 6467 1 0 5407 
 6473 1 0 5429 
 6474 1 0 5444 
 6481 1 0 5461 
 6490 1 0 5477 
 6496 1 0 5502 
 6500 1 0 5525 
 6512 1 0 5546 
 6515 1 0 5568 
 6535 1 0 5590 
 6538 1 0 5612 
 6565 1 0 5631 
 6580 1 0 5647 
 6584 1 0 5671 
 6616 1 0 5688 
 6617 1 0 5731 
 6623 1 0 5750 
 6625 1 0 5770 
 6632 1 0 5791 
 6644 1 0 5839 
 6649 1 0 5859 
 6666 1 0 5884 
 6673 1 0 5910 
 6679 1 0 5952 
 6683 1 0 5981 
 6685 1 0 6000 
 6687 1 0 6017 
 6691 1 0 6073 
 6694 1 0 6100 
 6704 1 0 6122 
 6705 1 0 6143 
 6706 1 0 6169 
 6712 1 0 6195 
 6717 1 0 6217 
 6718 1 0 6237 
 6737 1 0 6264 
 6747 1 0 6287 
 6771 1 0 6310 
 6798 1 0 6331 
 6806 1 0 6349 
 6812 1 0 6372 
 6817 1 0 6394 
 6822 1 0 6414 
 6823 1 0 6435 
 6860 1 0 6460 
 6873 1 0 6478 
 6878 1 0 6506 
 6884 1 0 6530 
 6890 1 0 6549 
 6893 1 0 6566 
 6899 1 0 6587 
 6905 1 0 6612 
 6908 1 0 6630 
 6922 1 0 6658 
 6929 1 0 6679 
 6933 1 0 6705 
 6938 1 0 6731 
 6942 1 0 6750 
 6946 1 0 6770 
 6951 1 0 6793 
 6967 1 0 6816 
 6980 1 0 6840 
 6993 1 0 6870 
 6998 1 0 6897 
 7002 1 0 6966 
 7007 1 0 6992 
 7018 1 0 7012 
 7034 1 0 7037 
 7036 1 0 7059 
 7038 1 0 7078 
 7066 1 0 7099 
 7069 1 0 7120 
 7071 1 0 7147 
 7074 1 0 7170 
 7095 1 0 7196 
 7105 1 0 7224 
 7117 1 0 7248 
 7130 1 0 7276 
 7143 1 0 7302 
 7154 1 0 7328 
 7161 1 0 7353 
 7168 1 0 7376 
 7177 1 0 7401 
 7201 1 0 7430 
 7205 1 0 7451 
 7206 1 0 7475 
 7210 1 0 7502 
 7215 1 0 7529 
 7240 1 0 7553 
 7245 1 0 7576 
 7255 1 0 7599 
 7256 1 0 7617 
 7258 1 0 7649 
 7265 1 0 7674 
 7268 1 0 7700 
 7276 1 0 7752 
 7278 1 0 7782 
 7280 1 0 7802 
 7285 1 0 7827 
 7294 1 0 7849 
 7303 1 0 7869 
 7304 1 0 7896 
 7317 1 0 7917 
 7324 1 0 7941 
 7325 1 0 7963 
 7329 1 0 7985 
 7338 1 0 8012 
 7340 1 0 8043 
 7349 1 0 8066 
 7356 1 0 8087 
 7357 1 0 8135 
 7370 1 0 8182 
 7372 1 0 8204 
 7382 1 0 8233 
 7387 1 0 8257 
 7395 1 0 8281 
 7396 1 0 8309 
 7398 1 0 8334 
 7399 1 0 8360 
 7432 1 0 8385 
 7433 1 0 8412 
 7434 1 0 8440 
 7445 1 0 8463 
 7450 1 0 8490 
 7459 1 0 8520 
 7469 1 0 8551 
 7481 1 0 8579 
 7501 1 0 8605 
 7504 1 0 8634 
 7516 1 0 8665 
 7524 1 0 8689 
 7526 1 0 8713 
 7531 1 0 8742 
 7535 1 0 8770 
 7539 1 0 8796 
 7541 1 0 8825 
 7561 1 0 8860 
 7563 1 0 8886 
 7579 1 0 8912 
 7586 1 0 8932 
 7595 1 0 8954 
 7602 1 0 8985 
 7614 1 0 9013 
 7620 1 0 9042 
 7630 1 0 9069 
 7635 1 0 9095 
 7641 1 0 9150 
 7645 1 0 9183 
 7657 1 0 9205 
 7659 1 0 9232 
 7661 1 0 9259 
 7668 1 0 9286 
 7674 1 0 9319 
 7689 1 0 9348 
 7707 1 0 9380 
 7712 1 0 9406 
 7716 1 0 9436 
 7717 1 0 9468 
 7719 1 0 9492 
 7727 1 0 9520 
 7732 1 0 9552 
 7741 1 0 9586 
 7743 1 0 9615 
 7758 1 0 9647 
 7765 1 0 9677 
 7766 1 0 9700 
 7770 1 0 9729 
 7776 1 0 9755 
 7784 1 0 9780 
 7796 1 0 9810 
 7798 1 0 9843 
 7804 1 0 9871 
 7806 1 0 9897 
 7828 1 0 9926 
 7829 1 0 9985 
 7831 1 0 10014 
 7840 1 0 10044 
 7846 1 0 10077 
 7854 1 0 10106 
 7862 1 0 10130 
 7867 1 0 10155 
 7878 1 0 10180 
 7891 1 0 10215 
 7896 1 0 10246 
 7899 1 0 10272 
 7904 1 0 10298 
 7908 1 0 10333 
 7915 1 0 10368 
 7925 1 0 10402 
 7927 1 0 10429 
 7959 1 0 10459 
 7966 1 0 10488 
 7969 1 0 10516 
 7970 1 0 10544 
 7972 1 0 10577 
 8009 1 0 10607 
 8018 1 0 10642 
 8023 1 0 10670 
 8038 1 0 10706 
 8051 1 0 10746 
 8053 1 0 10809 
 8054 1 0 10836 
 8057 1 0 10868 
 8075 1 0 10898 
 8088 1 0 10923 
 8091 1 0 10956 
 8100 1 0 10989 
 8109 1 0 11020 
 8112 1 0 11053 
 8117 1 0 11082 
 8129 1 0 11117 
 8138 1 0 11149 
 8141 1 0 11181 
 8158 1 0 11207 
 8161 1 0 11245 
 8176 1 0 11275 
 8178 1 0 11310 
 8183 1 0 11369 
 8214 1 0 11407 
 8237 1 0 11437 
 8263 1 0 11462 
 8271 1 0 11521 
 8299 1 0 11552 
 8305 1 0 11582 
 8331 1 0 11615 
 8339 1 0 11645 
 8347 1 0 11682 
 8357 1 0 11708 
 8382 1 0 11738 
 8389 1 0 11796 
 8395 1 0 11820 
 8399 1 0 11859 
 8419 1 0 11892 
 8423 1 0 11928 
 8426 1 0 11962 
 8439 1 0 11996 
 8447 1 0 12028 
 8452 1 0 12087 
 8453 1 0 12120 
 8464 1 0 12157 
 8471 1 0 12192 
 8501 1 0 12220 
 8503 1 0 12253 
 8506 1 0 12290 
 8523 1 0 12323 
 8524 1 0 12355 
 8537 1 0 12392 
 8547 1 0 12424 
 8572 1 0 12466 
 8578 1 0 12502 
 8579 1 0 12534 
 8586 1 0 12568 
 8606 1 0 12633 
 8609 1 0 12664 
 8610 1 0 12734 
 8612 1 0 12765 
 8628 1 0 12792 
 8641 1 0 12819 
 8642 1 0 12855 
 8656 1 0 12882 
 8667 1 0 12912 
 8699 1 0 12946 
 8702 1 0 12985 
 8703 1 0 13021 
 8705 1 0 13092 
 8707 1 0 13123 
 8712 1 0 13199 
 8722 1 0 13239 
 8732 1 0 13276 
 8746 1 0 13319 
 8748 1 0 13354 
 8754 1 0 13387 
 8762 1 0 13422 
 8767 1 0 13456 
 8803 1 0 13482 
 8823 1 0 13519 
 8856 1 0 13555 
 8886 1 0 13590 
 8888 1 0 13629 
 8889 1 0 13661 
 8905 1 0 13690 
 8939 1 0 13728 
 8941 1 0 13758 
 8942 1 0 13799 
 8946 1 0 13840 
 8949 1 0 13881 
 8951 1 0 13953 
 8953 1 0 13990 
 8958 1 0 14029 
 8974 1 0 14072 
 8981 1 0 14109 
 8983 1 0 14144 
 8986 1 0 14178 
 8997 1 0 14211 
 8999 1 0 14246 
 9002 1 0 14285 
 9006 1 0 14319 
 9009 1 0 14353 
 9012 1 0 14383 
 9013 1 0 14420 
 9024 1 0 14458 
 9028 1 0 14505 
 9036 1 0 14546 
 9037 1 0 14589 
 9045 1 0 14625 
 9052 1 0 14688 
 9053 1 0 14767 
 9054 1 0 14802 
 9056 1 0 14841 
 9068 1 0 14879 
 9093 1 0 14915 
 9099 1 0 14949 
 9113 1 0 14981 
 9133 1 0 15016 
 9135 1 0 15057 
 9146 1 0 15088 
 9154 1 0 15128 
 9160 1 0 15164 
 9162 1 0 15205 
 9165 1 0 15244 
 9181 1 0 15281 
 9183 1 0 15320 
 9185 1 0 15365 
 9186 1 0 15404 
 9203 1 0 15446 
 9204 1 0 15485 
 9210 1 0 15562 
 9249 1 0 15603 
 9266 1 0 15645 
 9276 1 0 15681 
 9307 1 0 15718 
 9311 1 0 15762 
 9338 1 0 15802 
 9350 1 0 15836 
 9353 1 0 15872 
 9373 1 0 15903 
 9377 1 0 15940 
 9382 1 0 15971 
 9390 1 0 16006 
 9395 1 0 16039 
 9405 1 0 16082 
 9413 1 0 16116 
 9418 1 0 16153 
 9421 1 0 16187 
 9434 1 0 16231 
 9454 1 0 16276 
 9459 1 0 16312 
 9466 1 0 16352 
 9470 1 0 16394 
 9475 1 0 16438 
 9480 1 0 16480 
 9502 1 0 16515 
 9504 1 0 16549 
 9507 1 0 16593 
 9510 1 0 16634 
 9518 1 0 16672 
 9522 1 0 16711 
 9536 1 0 16750 
 9548 1 0 16825 
 9556 1 0 16868 
 9576 1 0 16910 
 9580 1 0 16951 
 9582 1 0 16994 
 9587 1 0 17033 
 9601 1 0 17076 
 9622 1 0 17122 
 9647 1 0 17162 
 9651 1 0 17201 
 9655 1 0 17240 
 9670 1 0 17278 
 9684 1 0 17324 
 9690 1 0 17358 
 9699 1 0 17401 
 9705 1 0 17443 
 9709 1 0 17488 
 9711 1 0 17534 
 9715 1 0 17573 
 9730 1 0 17607 
 9739 1 0 17646 
 9743 1 0 17691 
 9769 1 0 17734 
 9778 1 0 17782 
 9779 1 0 17819 
 9789 1 0 17856 
 9794 1 0 17902 
 9816 1 0 17945 
 9844 1 0 17989 
 9846 1 0 18033 
 9866 1 0 18079 
 9878 1 0 18123 
 9879 1 0 18162 
 9885 1 0 18200 
 9887 1 0 18244 
 9889 1 0 18337 
 9891 1 0 18385 
 9892 1 0 18429 
 9894 1 0 18464 
 9899 1 0 18504 
 9916 1 0 18541 
 9918 1 0 18585 
 9923 1 0 18623 
 9926 1 0 18668 
 9936 1 0 18709 
 9957 1 0 18747 
 9966 1 0 18796 
 9967 1 0 18841 
 9970 1 0 18883 
 9974 1 0 18932 